% 每个省内各景点之间的距离数据

% 陕西数据  1

Num_city=6;

Tim(1,2)=16;Tim(1,3)=151;Tim(1,4)=50;Tim(1,5)=69;Tim(1,6)=117;
Tim(2,3)=149;Tim(2,4)=150;Tim(2,5)=81;Tim(2,6)=116;Tim(3,4)=155;
Tim(3,5)=181;Tim(3,6)=194; Tim(4,5)=100;Tim(4,6)=98;Tim(5,6)=167;


Capital_total=3120;

% 新疆数据  7

Num_city=9;

Tim(1,2)=223;Tim(1,3)=664;Tim(1,4)=733;Tim(1,5)=417;
Tim(1,6)=1087;Tim(1,7)=101;Tim(1,8)=440;Tim(1,9)=1090;

Tim(2,3)=795;Tim(2,4)=617;Tim(2,5)=655;Tim(2,6)=979;
Tim(2,7)=184;Tim(2,8)=298;Tim(2,9)=974;

Tim(3,4)=992;Tim(3,5)=453;Tim(3,6)=1570;Tim(3,7)=671;
Tim(3,8)=983;Tim(3,9)=1560;

Tim(4,5)=1072;Tim(4,6)=873;Tim(4,7)=707;Tim(4,8)=386;Tim(4,9)=875;

Tim(5,6)=1440;Tim(5,7)=503;Tim(5,8)=825;Tim(5,9)=1440;

Tim(6,7)=1042;Tim(6,8)=675;Tim(6,9)=15;

Tim(7,8)=427;Tim(7,9)=1051;

Tim(8,9)=681;

Capital_total=5280;





% 北京数据   1

Num_city=7;

Tim(1,2)=19;Tim(1,3)=35;Tim(1,4)=101;Tim(1,5)=78;
Tim(1,6)=12;Tim(1,7)=29;

Tim(2,3)=47;Tim(2,4)=111;Tim(2,5)=81;Tim(2,6)=28;
Tim(2,7)=45;

Tim(3,4)=93;Tim(3,5)=46;Tim(3,6)=36;Tim(3,7)=27;

Tim(4,5)=66;Tim(4,6)=105;Tim(4,7)=84;

Tim(5,6)=60;Tim(5,7)=49;

Tim(6,7)=23;


Capital_total=3120;

% 天津数据 1
time=90;


Capital_total=2160;


% 河北数据 5
Num_city=5;

Tim(1,2)=202;Tim(1,3)=326;Tim(1,4)=319;Tim(1,5)=442;

Tim(2,3)=289;Tim(2,4)=332;Tim(2,5)=426;

Tim(3,4)=126;Tim(3,5)=179;

Tim(4,5)=203;

Capital_total=3840;




% 山西数据 7

Num_city=7;

Tim(1,2)=230;Tim(1,3)=475;Tim(1,4)=323;Tim(1,5)=285;
Tim(1,6)=297;Tim(1,7)=211;

Tim(2,3)=428;Tim(2,4)=281;Tim(2,5)=243;Tim(2,6)=266;Tim(2,7)=169;

Tim(3,4)=224;Tim(3,5)=247;Tim(3,6)=262;Tim(3,7)=245;

Tim(4,5)=82;Tim(4,6)=64;Tim(4,7)=113;

Tim(5,6)=49;Tim(5,7)=68;

Tim(6,7)=96;

Capital_total=3120;





% 青海数据 2

Num_city=2;
Tim(1,2)=148;
time=2160;



% 宁夏数据 3

Num_city=4;

Tim(1,2)=175;Tim(1,3)=48;Tim(1,4)=59;

Tim(2,3)=180;Tim(2,4)=158;

Tim(3,4)=58;

Capital_total=2640;




% 甘肃数据 5
Num_city=5;

Tim(1,2)=478;Tim(1,3)=778;Tim(1,4)=257;Tim(1,5)=593;

Tim(2,3)=296;Tim(2,4)=1007;Tim(2,5)=256;

Tim(3,4)=976;Tim(3,5)=268;

Tim(4,5)=674;

Capital_total=2880;


% 西藏数据 1

Num_city=2;

Tim(1,2)=6;

Capital_total=1920;


% 云南数据 1

Num_city=6;

Tim(1,2)=469;Tim(1,3)=455;Tim(1,4)=351;Tim(1,5)=580;
Tim(1,6)=621;

Tim(2,3)=30;Tim(2,4)=151;Tim(2,5)=868;Tim(2,6)=251;

Tim(3,4)=147;Tim(3,5)=858;Tim(3,6)=232;

Tim(4,5)=744;Tim(4,6)=304;

Tim(5,6)=1042;

Capital_total=3600;





% 贵州数据 5

Num_city=5;

Tim(1,2)=47;Tim(1,3)=205;Tim(1,4)=324;Tim(1,5)=116;

Tim(2,3)=195;Tim(2,4)=314;Tim(2,5)=104;

Tim(3,4)=354;Tim(3,5)=135;

Tim(4,5)=234;

Capital_total=2880;


% 内蒙古数据 1

Num_city=3;

Tim(1,2)=121;
Tim(1,3)=192;
Tim(2,3)=80;

Capital_total=2160;


% 辽宁数据 5

Num_city=5;

Tim(1,2)=275;Tim(1,3)=256;Tim(1,4)=98;Tim(1,5)=32;

Tim(2,3)=63;Tim(2,4)=300;Tim(2,5)=284;

Tim(3,4)=282;Tim(3,5)=240;

Tim(4,5)=93;

Capital_total=2640;






% 吉林数据 2

Num_city=4;

Tim(1,2)=332;Tim(1,3)=332;Tim(1,4)=333;

Tim(2,3)=32;Tim(2,4)=36;

Tim(3,4)=8;


Capital_total=2640;




% 黑龙江数据 1

Num_city=5;

Tim(1,2)=246;Tim(1,3)=317;Tim(1,4)=313;Tim(1,5)=1103;

Tim(2,3)=517;Tim(2,4)=290;Tim(2,5)=766;

Tim(3,4)=579;Tim(3,5)=1289;

Tim(4,5)=579;

Capital_total=2880;




% 上海数据 1

Num_city=3;

Tim(1,2)=50;Tim(1,3)=15;

Tim(2,3)=40;

Capital_total=2400;



% 四川数据 1

Num_city=10;

Tim(1,2)=158;Tim(1,3)=412;Tim(1,4)=145;Tim(1,5)=692;
Tim(1,6)=151;Tim(1,7)=64;Tim(1,8)=225;Tim(1,9)=153;
Tim(1,10)=235;

Tim(2,3)=554;Tim(2,4)=46;Tim(2,5)=829;Tim(2,6)=260;
Tim(2,7)=216;Tim(2,8)=302;Tim(2,9)=288;Tim(2,10)=341;

Tim(3,4)=923;Tim(3,5)=458;Tim(3,6)=858;Tim(3,7)=820;
Tim(3,8)=1004;Tim(3,9)=578;Tim(3,10)=960;

Tim(4,5)=817;Tim(4,6)=237;Tim(4,7)=198;
Tim(4,8)=277;Tim(4,9)=259;Tim(4,10)=326;

Tim(5,6)=370;Tim(5,7)=474;Tim(5,8)=503;Tim(5,9)=518;Tim(5,10)=431;

Tim(6,7)=202;Tim(6,8)=204;Tim(6,9)=258;Tim(6,10)=185;

Tim(7,8)=269;Tim(7,9)=298;Tim(6,10)=282;

Tim(8,9)=159;Tim(8,10)=164;

Tim(9,10)=280;

Capital_total=5280;








% 广西 4

Num_city=4;

Tim(1,2)=81;Tim(1,3)=40;Tim(1,4)=357;

Tim(2,3)=71;Tim(2,4)=386;

Tim(3,4)=354;

Capital_total=2880;







%广东数据 1

Num_city=10;

Tim(1,2)=100;Tim(1,3)=36;Tim(1,4)=319;Tim(1,5)=106;
Tim(1,6)=252;Tim(1,7)=210;Tim(1,8)=73;Tim(1,9)=83;Tim(1,10)=21;

Tim(2,3)=110;Tim(2,4)=323;Tim(2,5)=39;Tim(2,6)=317;
Tim(2,7)=273;Tim(2,8)=145;Tim(2,9)=101;Tim(2,10)=104;

Tim(3,4)=314;Tim(3,5)=107;Tim(3,6)=236;Tim(3,7)=193;
Tim(3,8)=75;Tim(3,9)=85;Tim(3,10)=23;

Tim(4,5)=321;Tim(4,6)=496;Tim(4,7)=384;Tim(4,8)=373;Tim(4,9)=269;Tim(4,10)=313;

Tim(5,6)=302;Tim(5,7)=261;Tim(5,8)=150;Tim(5,9)=92;Tim(5,10)=95;

Tim(6,7)=219;Tim(6,8)=257;Tim(6,9)=305;

Tim(7,8)=254;Tim(7,9)=249;Tim(7,10)=210;

Tim(8,9)=733;Tim(8,10)=78;

Tim(9,10)=73;

Capital_total=4320;





% 湖南数据 5


Num_city=7;

Tim(1,2)=373;Tim(1,3)=301;Tim(1,4)=250;Tim(1,5)=281;
Tim(1,6)=246;Tim(1,7)=452;

Tim(2,3)=136;Tim(2,4)=253;Tim(2,5)=140;Tim(2,6)=128;
Tim(2,7)=151;

Tim(3,4)=217;Tim(3,5)=83;Tim(3,6)=42;Tim(3,7)=244;

Tim(4,5)=179;Tim(4,6)=202;Tim(4,7)=359;

Tim(5,6)=58;Tim(5,7)=246;

Tim(6,7)=356;

Capital_total=3840;




% 湖北数据 1

Num_city=11;

Tim(1,2)=255;Tim(1,3)=279;Tim(1,4)=274;Tim(1,5)=377;
Tim(1,6)=459;Tim(1,7)=265;Tim(1,8)=27;Tim(1,9)=266;Tim(1,10)=84;Tim(1,9)=526;

Tim(2,3)=44;Tim(2,4)=290;Tim(2,5)=247;Tim(2,6)=318;
Tim(2,7)=113;Tim(2,8)=267;Tim(2,9)=25;Tim(2,10)=286;Tim(2,11)=371;

Tim(3,4)=328;Tim(3,5)=249;Tim(3,6)=337;Tim(3,7)=139;
Tim(3,8)=289;Tim(3,9)=67;Tim(3,10)=308;Tim(3,11)=425;

Tim(4,5)=401;Tim(4,6)=179;Tim(4,7)=312;Tim(4,8)=267;Tim(4,9)=310;
Tim(4,10)=285;Tim(4,11)=584;

Tim(5,6)=230;Tim(5,7)=251;Tim(5,8)=377;Tim(5,9)=232;Tim(5,10)=395;Tim(5,11)=338;

Tim(6,7)=308;Tim(6,8)=436;Tim(6,9)=302;Tim(6,10)=450;Tim(6,11)=515;

Tim(7,8)=262;Tim(7,9)=109;Tim(7,10)=292;Tim(7,11)=347;

Tim(8,9)=281;Tim(8,9)=24;Tim(8,9)=297;

Tim(9,10)=297;Tim(9,11)=240;

Tim(10,11)=568;

Capital_total=5520;




% 江西数据 1 添加
 
Num_city=8;

Tim(1,2)=128;Tim(1,3)=238;Tim(1,4)=227;Tim(1,5)=135;
Tim(1,6)=200;Tim(1,7)=157;Tim(1,8)=282;

Tim(2,3)=366;Tim(2,4)=274;Tim(2,5)=237;Tim(2,6)=225;
Tim(2,7)=166;Tim(2,8)=384;

Tim(3,4)=432;Tim(3,5)=293;Tim(3,6)=436;Tim(3,7)=378;
Tim(3,8)=257;

Tim(4,5)=175;Tim(4,6)=102;Tim(4,7)=134;Tim(4,8)=359;

Tim(5,6)=187;Tim(5,7)=122;Tim(5,8)=214;

Tim(6,7)=90;Tim(6,8)=374;

Tim(7,8)=335;



Capital_total=4320;




% 福建数据 8

Num_city=8;

Tim(1,2)=436;Tim(1,3)=390;Tim(1,4)=164;Tim(1,5)=359;
Tim(1,6)=95;Tim(1,7)=385;Tim(1,8)=200;

Tim(2,3)=134;Tim(2,4)=483;Tim(2,5)=170;Tim(2,6)=363;
Tim(2,7)=319;Tim(2,8)=261;

Tim(3,4)=423;Tim(3,5)=262;Tim(3,6)=363;Tim(3,7)=409;
Tim(3,8)=261;

Tim(4,5)=461;Tim(4,6)=214;Tim(4,7)=483;Tim(4,8)=305;

Tim(5,6)=287;Tim(5,7)=227;Tim(5,8)=187;

Tim(6,7)=314;Tim(6,8)=135;

Tim(7,8)=200;


Capital_total=4800;



% 安徽数据  1

Num_city=9;

Tim(1,2)=206;Tim(1,3)=170;Tim(1,4)=167;Tim(1,5)=246;
Tim(1,6)=215;Tim(1,7)=302;Tim(1,8)=127;Tim(1,9)=229;

Tim(2,3)=200;Tim(2,4)=269;Tim(2,5)=49;Tim(2,6)=418;
Tim(2,7)=129;Tim(2,8)=315;Tim(2,9)=45;

Tim(3,4)=213;Tim(3,5)=215;Tim(3,6)=396;Tim(3,7)=262;
Tim(3,8)=288;Tim(3,9)=179;

Tim(4,5)=239;Tim(4,6)=275;Tim(4,7)=299;Tim(4,8)=271;Tim(4,9)=245;

Tim(5,6)=424;Tim(5,7)=131;Tim(5,8)=351;Tim(5,9)=75;

Tim(6,7)=508;Tim(6,8)=228;Tim(6,9)=424;

Tim(7,8)=394;Tim(7,9)=80;
Tim(8,9)=327;

Capital_total=5080;



% 浙江数据  1

Num_city=12;

Tim(1,2)=242;Tim(1,3)=203;Tim(1,4)=135;Tim(1,5)=70;
Tim(1,6)=120;Tim(1,7)=141;Tim(1,8)=82;Tim(1,9)=10;Tim(1,10)=77;Tim(1,11)=187;Tim(1,12)=86;

Tim(2,3)=271;Tim(2,4)=310;Tim(2,5)=261;Tim(2,6)=154;
Tim(2,7)=165;Tim(2,8)=235;Tim(2,9)=233;Tim(2,10)=207;Tim(2,11)=291;Tim(2,12)=269;

Tim(3,4)=317;Tim(3,5)=232;Tim(3,6)=146;Tim(3,7)=252;
Tim(3,8)=215;Tim(3,9)=214;Tim(3,10)=200;Tim(3,11)=365;Tim(3,12)=240;

Tim(4,5)=179;Tim(4,6)=222;Tim(4,7)=202;Tim(4,8)=191;Tim(4,9)=149;Tim(4,10)=174;Tim(4,11)=117;Tim(4,12)=193;


Tim(5,6)=150;Tim(5,7)=188;Tim(5,8)=55;Tim(5,9)=80;Tim(5,10)=119;Tim(5,11)=245;Tim(5,12)=31;


Tim(6,7)=127;Tim(6,8)=129;Tim(6,9)=124;Tim(6,10)=106;Tim(6,11)=249;Tim(6,12)=157;

Tim(7,8)=166;Tim(7,9)=142;Tim(7,10)=118;Tim(7,11)=189;Tim(7,12)=200;
Tim(8,9)=79;Tim(8,10)=95;Tim(8,11)=251;Tim(8,12)=66;
