% This function is about extracting results for 100k database
data = [
%noVis   nBat  rTrain rVali  rate   noHid  epoch  rW    trainEr ValErr  testErr   
    1682      2  0.501  0.100  0.500      5     30 0.00150  0.684  1.863  1.841  
    1682      2  0.501  0.100  0.500      5     50 0.00150  0.659  1.840  1.846  
    1682      2  0.501  0.100  0.500      5    100 0.00150  0.602  1.857  1.885  
    1682      2  0.501  0.100  0.500     10     30 0.00150  0.683  1.856  1.854  
    1682      2  0.501  0.100  0.500     10     50 0.00150  0.658  1.847  1.846  
    1682      2  0.501  0.100  0.500     10    100 0.00150  0.596  1.836  1.831  
    1682      2  0.501  0.100  0.500     20     30 0.00150  0.681  1.858  1.834  
    1682      2  0.501  0.100  0.500     20     50 0.00150  0.655  1.823  1.808  
    1682      2  0.501  0.100  0.500     20    100 0.00150  0.578  1.806  1.786  
    1682      2  0.501  0.100  0.500     30     30 0.00150  0.680  1.841  1.808  
    1682      2  0.501  0.100  0.500     30     50 0.00150  0.650  1.831  1.812  
    1682      2  0.501  0.100  0.500     30    100 0.00150  0.557  1.804  1.784  
    1682      2  0.501  0.100  0.500     50     30 0.00150  0.677  1.816  1.835  
    1682      2  0.501  0.100  0.500     50     50 0.00150  0.640  1.813  1.793  
    1682      2  0.501  0.100  0.500     50    100 0.00150  0.512  1.791  1.769  
    1682      2  0.501  0.100  0.300      5     30 0.00150  0.684  1.838  1.849  
    1682      2  0.501  0.100  0.300      5     50 0.00150  0.659  1.852  1.859  
    1682      2  0.501  0.100  0.300      5    100 0.00150  0.602  1.858  1.848  
    1682      2  0.501  0.100  0.300     10     30 0.00150  0.683  1.868  1.840  
    1682      2  0.501  0.100  0.300     10     50 0.00150  0.658  1.849  1.824  
    1682      2  0.501  0.100  0.300     10    100 0.00150  0.596  1.828  1.838  
    1682      2  0.501  0.100  0.300     20     30 0.00150  0.681  1.835  1.840  
    1682      2  0.501  0.100  0.300     20     50 0.00150  0.655  1.841  1.839  
    1682      2  0.501  0.100  0.300     20    100 0.00150  0.578  1.805  1.792  
    1682      2  0.501  0.100  0.300     30     30 0.00150  0.680  1.828  1.832  
    1682      2  0.501  0.100  0.300     30     50 0.00150  0.650  1.832  1.808  
    1682      2  0.501  0.100  0.300     30    100 0.00150  0.557  1.794  1.782  
    1682      2  0.501  0.100  0.300     50     30 0.00150  0.677  1.831  1.813  
    1682      2  0.501  0.100  0.300     50     50 0.00150  0.640  1.800  1.778  
    1682      2  0.501  0.100  0.300     50    100 0.00150  0.512  1.798  1.791  
    1682      2  0.501  0.100  0.100      5     30 0.00150  0.684  1.858  1.860  
    1682      2  0.501  0.100  0.100      5     50 0.00150  0.659  1.847  1.853  
    1682      2  0.501  0.100  0.100      5    100 0.00150  0.602  1.854  1.850  
    1682      2  0.501  0.100  0.100     10     30 0.00150  0.683  1.862  1.830  
    1682      2  0.501  0.100  0.100     10     50 0.00150  0.658  1.839  1.843  
    1682      2  0.501  0.100  0.100     10    100 0.00150  0.596  1.824  1.825  
    1682      2  0.501  0.100  0.100     20     30 0.00150  0.681  1.875  1.835  
    1682      2  0.501  0.100  0.100     20     50 0.00150  0.655  1.840  1.788  
    1682      2  0.501  0.100  0.100     20    100 0.00150  0.578  1.794  1.829  
    1682      2  0.501  0.100  0.100     30     30 0.00150  0.680  1.865  1.818  
    1682      2  0.501  0.100  0.100     30     50 0.00150  0.650  1.813  1.813  
    1682      2  0.501  0.100  0.100     30    100 0.00150  0.557  1.769  1.820  
    1682      2  0.501  0.100  0.100     50     30 0.00150  0.677  1.818  1.852  
    1682      2  0.501  0.100  0.100     50     50 0.00150  0.640  1.770  1.829  
    1682      2  0.501  0.100  0.100     50    100 0.00150  0.512  1.827  1.783  
    1682      2  0.501  0.100  0.050      5     30 0.00150  0.684  1.801  1.794  
    1682      2  0.501  0.100  0.050      5     50 0.00150  0.659  1.859  1.859  
    1682      2  0.501  0.100  0.050      5    100 0.00150  0.602  1.853  1.813  
    1682      2  0.501  0.100  0.050     10     30 0.00150  0.683  1.878  1.868  
    1682      2  0.501  0.100  0.050     10     50 0.00150  0.658  1.849  1.813  
    1682      2  0.501  0.100  0.050     10    100 0.00150  0.596  1.839  1.816  
    1682      2  0.501  0.100  0.050     20     30 0.00150  0.681  1.804  1.855  
    1682      2  0.501  0.100  0.050     20     50 0.00150  0.655  1.801  1.767  
    1682      2  0.501  0.100  0.050     20    100 0.00150  0.578  1.828  1.753  
    1682      2  0.501  0.100  0.050     30     30 0.00150  0.680  1.894  1.803  
    1682      2  0.501  0.100  0.050     30     50 0.00150  0.650  1.856  1.765  
    1682      2  0.501  0.100  0.050     30    100 0.00150  0.557  1.862  1.786  
    1682      2  0.501  0.100  0.050     50     30 0.00150  0.677  1.837  1.807  
    1682      2  0.501  0.100  0.050     50     50 0.00150  0.640  1.797  1.756  
    1682      2  0.501  0.100  0.050     50    100 0.00150  0.512  1.802  1.739  
    1682      3  0.666  0.100  0.500      5     30 0.00150  1.306  1.899  1.838  
    1682      3  0.666  0.100  0.500      5     50 0.00150  1.213  1.899  1.849  
    1682      3  0.666  0.100  0.500      5    100 0.00150  1.024  1.911  1.904  
    1682      3  0.666  0.100  0.500     10     30 0.00150  1.302  1.901  1.829  
    1682      3  0.666  0.100  0.500     10     50 0.00150  1.202  1.872  1.809  
    1682      3  0.666  0.100  0.500     10    100 0.00150  0.987  1.872  1.838  
    1682      3  0.666  0.100  0.500     20     30 0.00150  1.293  1.877  1.807  
    1682      3  0.666  0.100  0.500     20     50 0.00150  1.171  1.844  1.794  
    1682      3  0.666  0.100  0.500     20    100 0.00150  0.900  1.872  1.869  
    1682      3  0.666  0.100  0.500     30     30 0.00150  1.282  1.852  1.801  
    1682      3  0.666  0.100  0.500     30     50 0.00150  1.134  1.842  1.766  
    1682      3  0.666  0.100  0.500     30    100 0.00150  0.825  1.879  1.860  
    1682      3  0.666  0.100  0.500     50     30 0.00150  1.256  1.845  1.756  
    1682      3  0.666  0.100  0.500     50     50 0.00150  1.051  1.818  1.775  
    1682      3  0.666  0.100  0.500     50    100 0.00150  0.719  1.930  1.928  
    1682      3  0.666  0.100  0.300      5     30 0.00150  1.306  1.891  1.831  
    1682      3  0.666  0.100  0.300      5     50 0.00150  1.213  1.886  1.867  
    1682      3  0.666  0.100  0.300      5    100 0.00150  1.024  1.905  1.886  
    1682      3  0.666  0.100  0.300     10     30 0.00150  1.302  1.886  1.798  
    1682      3  0.666  0.100  0.300     10     50 0.00150  1.202  1.852  1.805  
    1682      3  0.666  0.100  0.300     10    100 0.00150  0.987  1.873  1.897  
    1682      3  0.666  0.100  0.300     20     30 0.00150  1.293  1.860  1.806  
    1682      3  0.666  0.100  0.300     20     50 0.00150  1.171  1.862  1.793  
    1682      3  0.666  0.100  0.300     20    100 0.00150  0.900  1.859  1.851  
    1682      3  0.666  0.100  0.300     30     30 0.00150  1.282  1.847  1.767  
    1682      3  0.666  0.100  0.300     30     50 0.00150  1.134  1.843  1.749  
    1682      3  0.666  0.100  0.300     30    100 0.00150  0.825  1.887  1.862  
    1682      3  0.666  0.100  0.300     50     30 0.00150  1.256  1.827  1.770  
    1682      3  0.666  0.100  0.300     50     50 0.00150  1.051  1.816  1.754  
    1682      3  0.666  0.100  0.300     50    100 0.00150  0.719  1.906  1.927  
    1682      3  0.666  0.100  0.100      5     30 0.00150  1.306  1.877  1.875  
    1682      3  0.666  0.100  0.100      5     50 0.00150  1.213  1.937  1.845  
    1682      3  0.666  0.100  0.100      5    100 0.00150  1.024  1.902  1.885  
    1682      3  0.666  0.100  0.100     10     30 0.00150  1.302  1.852  1.803  
    1682      3  0.666  0.100  0.100     10     50 0.00150  1.202  1.854  1.831  
