%信息接收和介质吸收强度及介质长度的关系
%投影 即沿着探测射线的路径对被测试对象积分的过程

%观察数据
%圆的实际半径：r=4;->d=8mm;
%圆的像素直径：Pd=20;
%圆的信息接收直径：Rd=29;-->圆中只有29条光线穿过
%整个圆的吸收点个数Num=324;-->总的接收信息=322
%穿过圆的直径的吸收点的个数=20;-->总的接收信息=14
%圆的信息接收最值：R_max=14;
%系统的旋转中心p(-9.2734,5.5363)

%探测器单元之间的间距为：8/(29-1)=0.2857mm;
%另解==探测器单元之间的间距为：80/(289-1)=0.2778mm;
%探测器的长度为：512*0.2857=146.2784mm
%圆中的每个吸收点的接收信息提供率=322/324=0.9938;


%两个三角函数
% Count=[1	2	3	4	5	6	7	8	9	10	11	12	13	14	15	16	17	18	19	20	21	22	23	24	25	26	27	28	29	30	31	32	33	34	35	36	37	38	39	40	41	42	43	44	45	46	47	48	49	50	51	52	53	54	55	56	57	58	59	60	61	62	63	64	65	66	67	68	69	70	71	72	73	74	75	76	77	78	79	80	81	82	83	84	85	86	87	88	89	90	91	92	93	94	95	96	97	98	99	100	101	102	103	104	105	106	107	108	109	110	111	112	113	114	115	116	117	118	119	120	121	122	123	124	125	126	127	128	129	130	131	132	133	134	135	136	137	138	139	140	141	142	143	144	145	146	147	148	149	150	151	152	153	154	155	156	157	158	159	160	161	162	163	164	165	166	167	168	169	170	171	172	173	174	175	176	177	178	179	180];
% S_point= 2.206*sin(0.07454*x-1.265) + 56.17*sin(0.01827*x+2.129);
% 
% 一个三角函数
% Count=[1	2	3	4	5	6	7	8	9	10	11	12	13	14	15	16	17	18	19	20	21	22	23	24	25	26	27	28	29	30	31	32	33	34	35	36	37	38	39	40	41	42	43	44	45	46	47	48	49	50	51	52	53	54	55	56	57	58	59	60	61	62	63	64	65	66	67	68	69	70	71	72	73	74	75	76	77	78	79	80	81	82	83	84	85	86	87	88	89	90	91	92	93	94	95	96	97	98	99	100	101	102	103	104	105	106	107	108	109	110	111	112	113	114	115	116	117	118	119	120	121	122	123	124	125	126	127	128	129	130	131	132	133	134	135	136	137	138	139	140	141	142	143	144	145	146	147	148	149	150	151	152	153	154	155	156	157	158	159	160	161	162	163	164	165	166	167	168	169	170	171	172	173	174	175	176	177	178	179	180];
% S_point=56.54*sin(0.01801*Count+2.14);





% SSE(和方差、误差平方和)：The sum of squares due to error
% MSE(均方差、方差)：Mean squared error
% RMSE(均方根、标准差)：Root mean squared error
% R-square(确定系数)：Coefficient of determination R square称为方程的确定系数，0~1之间，越接近1，表明方程的变量对y的解释能力越强
% Adjusted R-square：Degree-of-freedom adjusted coefficient of determination


% General model Sin1:
%      f(x) =  a1*sin(b1*x+c1)
% Coefficients (with 95% confidence bounds):
%        a1 =       54.97  (54.59, 55.34)
%        b1 =     0.01801  (0.01783, 0.01818)
%        c1 =        2.14  (2.126, 2.153)
% 
% Goodness of fit:
%   SSE: 553.1
%   R-square: 0.9973
%   Adjusted R-square: 0.9973
%   RMSE: 1.768


y =  54.97*sin(0.01801*x+2.14);










