A = [2     2     2     0
     3     3     1     3
     2     1     1     3
     0     0     1     0];
 B =[2     1     1     0
     2     3     1     2
     3     2     2     2
     0     1     2     3];
 B(2 : 4, 2 : 4) = A(2 : 4, 2 : 4);
 C = B
